Instance courante : alpha_1.gr
Temps de resolution : 20.823791980743408
Valeur de l'objectif : 119.0
Taux de survie des especes : [0.748, 0.616, 0.8200000000000001, 0.86176, 0.52, 0.755]
Tableau des zones protegees :
10×10 Array{Float64,2}:
 0.0  0.0  0.0  0.0  0.0  1.0  1.0  1.0  0.0  0.0
 0.0  0.0  0.0  0.0  0.0  1.0  2.0  1.0  0.0  0.0
 0.0  1.0  1.0  1.0  0.0  1.0  2.0  1.0  0.0  0.0
 ⋮                        ⋮                   
 0.0  0.0  0.0  0.0  0.0  0.0  0.0  0.0  0.0  0.0
 0.0  0.0  0.0  0.0  0.0  0.0  0.0  0.0  0.0  0.0
 0.0  0.0  0.0  0.0  0.0  0.0  0.0  0.0  0.0  0.0


Instance courante : alpha_2.gr
Temps de resolution : 0.00888204574584961
Valeur de l'objectif : 339.0
Taux de survie des especes : [0.9322624, 0.9483904, 0.957664, 0.9804915712, 0.9568, 0.9802432]
Tableau des zones protegees :
10×10 Array{Float64,2}:
 0.0  0.0  0.0  1.0  1.0  1.0  1.0  1.0  0.0  0.0
 0.0  0.0  0.0  1.0  2.0  1.0  2.0  1.0  0.0  0.0
 0.0  1.0  1.0  1.0  1.0  1.0  2.0  1.0  0.0  0.0
 ⋮                        ⋮                   
 1.0  1.0  1.0  0.0  1.0  2.0  2.0  1.0  0.0  0.0
 1.0  2.0  1.0  0.0  1.0  2.0  1.0  1.0  0.0  0.0
 1.0  1.0  1.0  0.0  1.0  1.0  1.0  0.0  0.0  0.0


Instance courante : alpha_3.gr
Temps de resolution : 0.22244906425476074
Valeur de l'objectif : 130.0
Taux de survie des especes : [0.748, 0.616, 0.874, 0.9336447999999999, 0.91, 0.9117999999999999]
Tableau des zones protegees :
10×10 Array{Float64,2}:
 0.0  0.0  0.0  0.0  0.0  1.0  1.0  1.0  0.0  0.0
 0.0  0.0  0.0  0.0  0.0  1.0  2.0  1.0  0.0  0.0
 0.0  1.0  1.0  1.0  1.0  1.0  2.0  1.0  0.0  0.0
 ⋮                        ⋮                   
 0.0  0.0  0.0  0.0  0.0  0.0  0.0  0.0  0.0  0.0
 0.0  1.0  0.0  0.0  0.0  0.0  0.0  0.0  0.0  0.0
 0.0  0.0  0.0  0.0  0.0  0.0  0.0  0.0  0.0  0.0


Instance courante : alpha_4.gr
Temps de resolution : 0.04220008850097656
Valeur de l'objectif : 211.0
Taux de survie des especes : [0.9322624, 0.8771199999999999, 0.8200000000000001, 0.9721308160000001, 0.7839999999999998, 0.8775000000000001]
Tableau des zones protegees :
10×10 Array{Float64,2}:
 0.0  0.0  0.0  0.0  0.0  1.0  1.0  1.0  0.0  0.0
 0.0  0.0  0.0  0.0  0.0  1.0  2.0  1.0  0.0  0.0
 0.0  1.0  1.0  1.0  0.0  1.0  2.0  1.0  0.0  0.0
 ⋮                        ⋮                   
 1.0  1.0  1.0  0.0  1.0  2.0  1.0  0.0  0.0  0.0
 0.0  0.0  0.0  0.0  1.0  1.0  1.0  0.0  0.0  0.0
 0.0  0.0  0.0  0.0  0.0  0.0  0.0  0.0  0.0  0.0