# p[k,i,j]  probabilité de présence de l'espèce k dans la parcelle (i,j)

1 4 3 0.4
1 5 3 0.3
1 6 2 0.4
1 8 6 0.3
1 8 7 0.2
1 9 5 0.2
1 9 6 0.4
	
2 2 7 0.2
2 3 7 0.4
2 4 7 0.2
2 5 9 0.4
2 5 10 0.3
2 7 2 0.5
2 9 6 0.2
2 9 7 0.2
	
3 2 4 0.2 
3 2 5 0.3
3 2 7 0.4
3 3 7 0.4
3 4 7 0.5
3 5 9 0.2
3 5 10 0.4
3 9 2 0.3
	
4 1 2 0.3
4 1 4 0.3
4 3 2 0.4
4 4 3 0.4
4 5 1 0.3
4 5 3 0.2
4 5 5 0.2
4 6 2 0.2
4 6 3 0.4
4 7 5 0.4
4 7 9 0.3
4 8 7 0.2
4 8 9 0.5
4 9 7 0.4
	
5 1 10 0.4
5 2 1 0.3
5 2 10 0.3
5 3 5 0.5
5 6 3 0.4
5 6 6 0.2
5 6 7 0.2
5 7 5 0.4
5 7 9 0.5
5 8 9 0.4
5 9 2 0.5
5 9 3 0.2
5 9 4 0.4
5 9 5 0.4
	
6 1 3 0.4
6 1 4 0.4
6 1 6 0.5
6 1 7 0.3
6 1 8 0.3
6 2 9 0.2
6 3 5 0.4
6 3 9 0.4
6 3 10 0.2
6 4 9 0.3
6 5 5 0.4
6 8 1 0.5
6 9 1 0.2
6 10 3 0.2



